3 1 2
3
1000 5 1 50
30 
1 1 3 2 ( 2 , 1 ) ( 4 , 1 )
2 2 2 1 ( 3 , 1 )
3 3 8 1 ( 6 , 1 ) 
4 4 3 1 ( 6 , 1 )  
5 5 3 1 ( 6 , 1 )  
6 6 3 1 ( 6 , 1 )  
7 7 3 1 ( 6 , 1 )  
8 8 3 1 ( 6 , 1 )  
9 9 3 1 ( 6 , 1 )  
10 10 3 1 ( 6 , 1 )  
11 11 3 0 
12 12 3 0 
13 13 3 0 
14 14 3 0 
15 15 3 0 
16 16 3 0 
17 17 3 0 
18 18 3 1 ( 6 , 1 )  
19 19 3 0 
20 20 3 1 ( 6 , 1 )  
21 21 3 0 
22 22 3 1 ( 6 , 1 )  
23 23 3 0 
24 24 3 0 
25 25 3 0 
26 26 3 0 
27 27 3 1 ( 6 , 1 )  
28 28 3 0 
29 29 3 0 
30 30 3 0 
3 3
9 4
9 8
10 20
36 32
70 36
