TT       PID       AT       CT       IO_D       WT       RT       TRT
6         2         2       2          0         2       0        4
11         5         4       3          0         4       0        7
16         11         4       3          0         9       0        12
21         6         4       3          0         14       2        17
26         8         4       3          0         19       4        22
31         10         4       3          0         24       6        27
33         31         15       2          0         16       15        18
36         12         4       3          0         29       8        32
36         32         16       1          0         20       20        20
39         1         1       3          0         35       13        38
41         17         17       3          0         21       0        24
46         19         19       3          0         24       0        27
51         24         22       3          0         26       0        29
56         13         13       3          0         40       11        43
60         33         31       1          0         28       27        29
61         16         16       3          0         42       18        45
62         34         32       0          0         30       29        30
66         21         21       3          0         42       21        45
69         4         4       3          0         62       61        65
0         36         66       2          0         0       0        0
71         23         22       3          0         46       24        49
74         7         4       3          0         67       66        70
76         25         22       3          0         51       26        54
81         9         4       3          0         74       73        77
81         27         27       3          0         51       23        54
86         14         14       3          0         69       68        72
86         28         28       3          0         55       24        58
91         15         15       3          0         73       72        76
91         29         29       3          0         59       25        62
96         20         20       3          0         73       72        76
96         30         30       3          0         63       26        66
98         35         59       0          0         39       38        39
101         37         67       1          0         33       32        34
101         18         18       3          0         80       45        83
105         38         71       2          0         32       31        34
106         26         22       3          0         81       53        84
108         39         72       1          0         35       34        36
111         22         22       3          0         86       22        89
112         40         78       2          0         32       31        34
115         41         79       1          0         35       34        36
119         42         83       2          0         34       33        36
122         43         84       1          0         37       36        38
125         3         3       8          0         114       1        122
126         44         88       2          0         36       35        38
129         45         89       1          0         39       38        40
133         46         93       2          0         38       37        40
136         47         94       1          0         41       40        42
138         48         100       0          0         38       37        38
141         49         103       1          0         37       36        38
143         50         104       0          0         39       38        39
145         51         107       0          0         38       37        38
148         52         110       1          0         37       36        38
150         53         111       0          0         39       38        39
152         54         114       0          0         38       37        38
155         55         117       1          0         37       36        38
157         56         118       0          0         39       38        39
159         57         121       0          0         38       37        38
162         58         124       1          0         37       36        38
164         59         125       0          0         39       38        39
166         60         128       0          0         38       37        38
169         61         131       1          0         37       36        38
171         62         132       0          0         39       38        39
173         63         135       0          0         38       37        38
175         64         140       0          0         35       34        35
177         65         147       0          0         30       29        30
179         66         154       0          0         25       24        25
181         67         161       0          0         20       19        20
183         68         168       0          0         15       14        15

Processes: 68

Avg WT39.6029  Avg RT29.2059  Avg TRT: 41.3382
Migration % :     RTF:35.2941 %         MAXW:0
Work Steal %:20.5882 %
Forked Processes:55.8824%
Killed Processes:2.94118%

Processors: 2 [1 FCFS  1 SJF  0  RR ]
Processors Load
P1 = 6.47456%   P2 = 4.37567%   
Processor Utiliz:
P1 = 99.4536%   P2 = 67.2131%   
Average Utilization: 83.3333%
