TT       PID       AT       CT       IO_D       WT       RT       TRT
0         3         3       8          0         0       0        0
7         2         2       2          0         3       1        5
10         5         5       3          0         2       1        5
14         9         9       3          0         2       1        5
16         4         4       3          0         9       1        12
17         1         1       3          0         13       1        16
17         7         7       3          0         7       6        10
21         10         10       3          0         8       1        11
22         6         6       3          0         13       12        16
24         8         8       3          0         13       12        16
25         13         13       3          0         9       8        12
26         31         23       0          0         3       2        3
26         12         12       3          0         11       1        14
29         11         11       3          0         15       14        18
31         18         18       3          0         10       0        13
34         16         16       3          0         15       14        18
34         15         15       3          0         16       15        19
36         23         23       3          0         10       0        13
39         25         25       3          0         11       10        14
39         20         20       3          0         16       15        19
41         22         22       3          0         16       7        19
43         17         17       3          0         23       22        26
44         19         19       3          0         22       21        25
46         30         30       3          0         13       1        16
46         14         14       3          0         29       28        32
48         24         24       3          0         21       20        24
49         21         21       3          0         25       24        28
51         26         26       3          0         22       5        25
51         29         29       3          0         19       18        22
53         27         27       3          0         23       22        26
54         28         28       3          0         23       22        26
58         32         46       2          0         10       9        12

Processes: 32

Avg WT13.5  Avg RT9.8125  Avg TRT: 16.25
Migration % :     RTF:46.875 %         MAXW:31.25
Work Steal %:18.75 %
Forked Processes:6.25%
Killed Processes:3.125%

Processors: 5 [2 FCFS  1 SJF  2  RR ]
Processors Load
P1 = 2.11538%   P2 = 10.7692%   P3 = 9.42308%   P4 = 9.42308%   P5 = 8.26923%   
Processor Utiliz:
P1 = 18.9655%   P2 = 96.5517%   P3 = 84.4828%   P4 = 84.4828%   P5 = 74.1379%   
Average Utilization: 71.7241%
