TT       PID       AT       CT       IO_D       WT       RT       TRT
0         3         3       8          0         0       0        0
7         2         2       2          0         3       1        5
12         4         4       3          0         5       4        8
12         7         7       3          0         2       1        5
14         31         9       2          0         3       2        5
15         10         10       3          0         2       1        5
16         6         6       3          0         7       1        10
17         5         5       3          0         9       8        12
17         9         9       3          0         5       4        8
18         32         11       0          0         7       6        7
19         1         1       3          0         15       1        18
20         12         12       3          0         5       4        8
21         33         12       1          0         8       7        9
22         8         8       3          0         11       10        14
22         14         14       3          0         5       4        8
24         13         13       3          0         8       0        11
25         17         17       3          0         5       4        8
26         34         14       2          0         10       9        12
27         36         21       0          0         6       5        6
29         18         18       3          0         8       0        11
30         22         22       3          0         5       4        8
31         37         25       0          0         6       5        6
31         11         11       3          0         17       16        20
31         26         26       3          0         2       1        5
34         35         20       1          0         13       12        14
34         21         21       3          0         10       0        13
35         15         15       3          0         17       16        20
36         19         19       3          0         14       13        17
37         38         33       0          0         4       3        4
39         20         20       3          0         16       4        19
41         29         29       3          0         9       8        12
42         16         16       3          0         23       22        26
43         24         24       3          0         16       15        19
44         25         25       3          0         16       3        19
44         27         27       3          0         14       13        17
46         39         38       2          0         6       5        8
46         30         30       3          0         13       12        16
48         23         23       3          0         22       21        25
49         41         40       1          0         8       7        9
49         28         28       3          0         18       7        21
50         40         39       2          0         9       8        11
52         42         40       0          0         12       11        12
52         43         44       1          0         7       6        8
54         44         45       0          0         9       8        9
56         45         45       0          0         11       10        11
58         46         48       0          0         10       9        10
60         47         49       0          0         11       10        11

Processes: 47

Avg WT9.40425  Avg RT6.82979  Avg TRT: 11.4894
Migration % :     RTF:27.6596 %         MAXW:10.6383
Work Steal %:8.51064 %
Forked Processes:36.1702%
Killed Processes:2.12766%

Processors: 6 [3 FCFS  1 SJF  2  RR ]
Processors Load
P1 = 0.555556%   P2 = 10.7407%   P3 = 8.88889%   P4 = 8.7037%   P5 = 7.77778%   P6 = 6.48148%   
Processor Utiliz:
P1 = 5%   P2 = 96.6667%   P3 = 80%   P4 = 78.3333%   P5 = 70%   P6 = 58.3333%   
Average Utilization: 64.7222%
