1 1 0
1000
1000 5 1 100
30 
1 1 3 2 ( 2 , 1 ) ( 4 , 1 )
2 2 2 1 ( 3 , 1 )
3 3 8 1 ( 6 , 1 ) 
4 4 3 0 
4 5 3 0 
4 6 3 0 
4 7 3 1 ( 7 , 1 )  
4 8 3 0 
4 9 3 0 
4 10 3 1 ( 6 , 1 )  
4 11 3 1 ( 4 , 1 )  
4 12 3 1 ( 6 , 1 )  
13 13 3 1 ( 5 , 1 )  
14 14 3 1 ( 9 , 1 )  
15 15 3 0 
16 16 3 0 
17 17 3 0 
18 18 3 0 
19 19 3 0 
20 20 3 0 
21 21 3 0 
22 22 3 1 ( 22 , 1 )   
22 23 3 0 
22 24 3 0 
22 25 3 0 
22 26 3 1 ( 21 , 1 )   
27 27 3 0 
28 28 3 0 
29 29 3 0 
30 30 3 0 
7 9
10 20
36 32
70 36

