3 1 2
3
1000 5 1 50
30 
1 1 3 2 ( 2 , 1 ) ( 10000 , 1 )
2 2 2 1 ( 1000 , 1 )
2 3 8 1 ( 6 , 1 ) 
2 4 3 1 ( 6 , 1 )  
2 5 3 1 ( 6 , 1 )  
2 6 3 1 ( 6 , 1 )  
2 7 3 1 ( 100000 , 1 )  
8 8 3 1 ( 6 , 1 )  
9 9 3 1 ( 6 , 1 )  
10 10 3 1 ( 1000 , 1 )  
11 11 3 0 
12 12 3 0 
12 13 3 0 
12 14 3 0 
12 15 3 0 
12 16 3 0 
17 17 3 0 
18 18 3 1 ( 6 , 1 )  
19 19 3 0 
20 20 3 1 ( 6 , 1 )  
21 21 3 0 
22 22 3 1 ( 6 , 1 )  
23 23 3 0 
24 24 3 0 
25 25 3 0 
26 26 3 0 
27 27 3 1 ( 6 , 1 )  
28 28 3 0 
29 29 3 0 
30 30 3 0 
3 3
4 5
7 9
10 20
36 29
70 27
