TT       PID       AT       CT       IO_D       WT       RT       TRT
3         3         2       8          0         1       1        1
7         2         2       2          0         3       2        5
7         4         2       3          0         2       0        5
7         5         2       3          0         2       1        5
7         6         2       3          0         2       1        5
9         31         5       1          0         3       2        4
10         32         8       0          0         2       1        2
12         7         2       3          0         7       6        10
16         1         1       3          0         12       1        15
16         33         9       2          0         5       4        7
16         10         10       3          0         3       0        6
17         8         8       3          0         6       5        9
17         12         12       3          0         2       1        5
17         13         12       3          0         2       1        5
18         35         15       0          0         3       2        3
18         34         11       0          0         7       6        7
20         36         16       0          0         4       3        4
21         9         9       3          0         9       2        12
22         18         18       3          0         1       0        4
23         11         11       3          0         9       8        12
24         16         12       3          0         9       8        12
24         14         12       3          0         9       8        12
26         37         21       2          0         3       2        5
26         15         12       3          0         11       0        14
27         20         20       3          0         4       3        7
28         38         23       0          0         5       4        5
29         17         17       3          0         9       8        12
29         22         22       3          0         4       3        7
30         19         19       3          0         8       7        11
31         39         24       1          0         6       5        7
31         40         25       0          0         6       5        6
31         21         21       3          0         7       0        10
32         24         24       3          0         5       4        8
34         42         27       2          0         5       4        7
34         26         26       3          0         5       4        8
36         44         32       1          0         3       2        4
36         41         27       1          0         8       7        9
36         27         27       3          0         6       0        9
37         29         29       3          0         5       4        8
38         45         33       0          0         5       4        5
38         43         30       0          0         8       7        8
40         46         35       0          0         5       4        5
41         28         28       3          0         10       9        13
41         30         30       3          0         8       2        11
41         25         25       3          0         13       12        16
43         23         23       3          0         17       16        20
44         47         38       2          0         4       3        6
45         50         43       0          0         2       1        2
47         49         41       1          0         5       4        6
47         48         40       2          0         5       4        7
49         51         46       0          0         3       2        3
51         52         46       0          0         5       4        5

Processes: 52

Avg WT5.63462  Avg RT3.78846  Avg TRT: 7.57692
Migration % :     RTF:23.0769 %         MAXW:3.84615
Work Steal %:15.3846 %
Forked Processes:42.3077%
Killed Processes:1.92308%

Processors: 6 [3 FCFS  1 SJF  2  RR ]
Processors Load
P1 = 12.1827%   P2 = 11.4213%   P3 = 10.9137%   P4 = 10.1523%   P5 = 9.13706%   P6 = 8.12183%   
Processor Utiliz:
P1 = 94.1176%   P2 = 88.2353%   P3 = 84.3137%   P4 = 78.4314%   P5 = 70.5882%   P6 = 62.7451%   
Average Utilization: 79.7386%
