TT       PID       AT       CT       IO_D       WT       RT       TRT
9         2         2       2          0         5       4        7
0         10         4       3          0         0       0        0
22         4         4       3          0         15       14        18
27         5         4       3          0         20       19        23
0         27         27       3          0         0       0        0
0         12         4       3          0         0       0        0
0         11         4       3          0         0       0        0
32         6         4       3          0         25       24        28
37         7         4       3          0         30       29        33
42         8         4       3          0         35       34        38
47         9         4       3          0         40       39        43
50         1         1       3          0         46       1        49
52         31         8       0          0         44       43        44
57         13         13       3          0         41       40        44
62         14         14       3          0         45       44        48
67         15         15       3          0         49       48        52
72         16         16       3          0         53       52        56
77         17         17       3          0         57       56        60
82         18         18       3          0         61       60        64
86         3         3       8          0         75       7        83
91         19         19       3          0         69       68        72
95         32         19       2          0         74       73        76
100         20         20       3          0         77       76        80
105         21         21       3          0         81       80        84
110         22         22       3          0         85       84        88
115         23         23       3          0         89       88        92
120         24         24       3          0         93       92        96
125         25         25       3          0         97       96        100
130         26         26       3          0         101       100        104
135         28         28       3          0         104       103        107
140         29         29       3          0         108       107        111
145         30         30       3          0         112       111        115
147         33         36       0          0         111       110        111
151         34         39       2          0         110       109        112
153         35         71       0          0         82       81        82
155         36         114       0          0         41       40        41
157         37         124       0          0         33       32        33
160         38         133       1          0         26       25        27
162         39         134       0          0         28       27        28

Processes: 39

Avg WT55.4359  Avg RT51.6923  Avg TRT: 57.6667
Migration % :     RTF:0 %         MAXW:0
Work Steal %:0 %
Forked Processes:23.0769%
Killed Processes:10.2564%

Processors: 1 [1 FCFS  0 SJF  0  RR ]
Processors Load
P1 = 7.15874%   
Processor Utiliz:
P1 = 99.3827%   
Average Utilization: 99.3827%
